#MEDIUM_PROPERTIES_DISTRIBUTED
$MSH_TYPE
 NONE
$MMP_TYPE
 PERMEABILITY
$DIS_TYPE
 ELEMENT
$DATA
0 4.688995e-007
1 2.629740e-007
2 1.792867e-007
3 1.514401e-007
4 9.224012e-008
5 1.527360e-007
6 1.800566e-007
7 5.706574e-008
8 9.593169e-008
9 1.085752e-007
10 1.123993e-007
11 7.959340e-008
12 1.492969e-007
13 2.445405e-007
14 8.592929e-008
15 2.314492e-007
16 1.170096e-006
17 3.517800e-006
18 8.024058e-006
19 5.342441e-006
20 2.475611e-006
21 9.099246e-007
22 2.946249e-007
23 1.745730e-007
24 2.717115e-007
25 1.501831e-007
26 1.957432e-007
27 1.132720e-007
28 6.710774e-008
29 1.150528e-007
30 4.083475e-008
31 1.853949e-007
32 7.148619e-007
33 3.009425e-006
34 3.509456e-006
35 1.799843e-006
36 5.488365e-007
37 1.995530e-007
38 2.013078e-007
39 1.045909e-006
40 8.930676e-007
41 2.171118e-007
42 1.910558e-007
43 3.176840e-007
44 6.302275e-008
45 3.265249e-007
46 8.764184e-008
47 9.870397e-007
48 1.162333e-006
49 2.266127e-007
50 5.141535e-007
51 1.337074e-006
52 1.175707e-006
53 3.027491e-007
54 1.853949e-007
55 4.722625e-007
56 4.150781e-007
57 8.072598e-008
58 8.420648e-008
59 2.316605e-007
60 7.492691e-007
61 3.753761e-007
62 2.637377e-007
63 4.449700e-007
64 8.162021e-008
65 1.033461e-007
66 7.196558e-008
67 1.166509e-007
68 2.026676e-007
69 2.514314e-007
70 4.028375e-007
71 7.048060e-007
72 1.875587e-006
73 1.612962e-006
74 6.523240e-007
75 2.489981e-008
76 8.871508e-007
77 2.806197e-006
78 8.619311e-007
79 4.014674e-008
80 1.821399e-007
81 1.353269e-007
82 5.840792e-008
83 3.662695e-007
84 7.912490e-007
85 2.545579e-007
86 2.269059e-007
87 3.763169e-007
88 1.258698e-007
89 2.029880e-007
90 1.899584e-007
91 1.985981e-007
92 3.176341e-007
93 1.322669e-007
94 1.333227e-007
95 5.559818e-007
96 5.670569e-007
97 3.807137e-008
98 6.170085e-008
99 1.113805e-007
100 3.499113e-007
101 1.596194e-007
102 3.624187e-007
103 1.240621e-006
104 8.831892e-007
105 6.046699e-007
106 7.043637e-007
107 6.470234e-007
108 4.179250e-007
109 1.720959e-007
110 2.023073e-007
111 4.062093e-007
112 8.001515e-007
113 4.210842e-007
114 2.000709e-007
115 1.019878e-007
116 3.733336e-007
117 9.214983e-007
118 3.140993e-006
119 7.797863e-006
120 4.996632e-006
121 2.023161e-006
122 7.082634e-007
123 1.793637e-007
124 1.849288e-007
125 2.657197e-007
126 2.841402e-007
127 2.032754e-008
128 9.730379e-008
129 2.388101e-007
130 6.192234e-008
131 4.926783e-007
132 1.166549e-006
133 1.891593e-006
134 1.998765e-006
135 1.994763e-006
136 1.296694e-006
137 8.824414e-007
138 1.173770e-007
139 5.647542e-007
140 8.533846e-007
141 3.711338e-007
142 9.220267e-008
143 3.775923e-007
144 2.850762e-007
145 5.664481e-008
146 2.636029e-007
147 1.445677e-006
148 1.751783e-006
149 3.014910e-007
150 5.016338e-007
151 2.186815e-006
152 2.558757e-006
153 3.459613e-007
154 2.679359e-007
155 1.364576e-007
156 3.432913e-007
157 6.168911e-007
158 3.094278e-007
159 1.860947e-007
160 5.016338e-007
161 9.830275e-008
162 5.157434e-007
163 5.167129e-007
164 1.699313e-007
165 2.537194e-007
166 5.969646e-007
167 2.501597e-007
168 6.471723e-008
169 1.162515e-007
170 1.644181e-007
171 9.608021e-008
172 5.721335e-007
173 5.132565e-007
174 2.298040e-007
175 6.170085e-008
176 2.085450e-007
177 3.516583e-007
178 3.607456e-007
179 3.310002e-007
180 1.097464e-006
181 9.203907e-007
182 3.408941e-007
183 2.748713e-007
184 2.176466e-007
185 1.957828e-007
186 2.828326e-007
187 2.106537e-007
188 9.362351e-008
189 4.037657e-007
190 3.674680e-007
191 7.998460e-008
192 4.095858e-008
193 5.780885e-008
194 5.170515e-008
195 3.768711e-007
196 8.640266e-007
197 4.285401e-007
198 2.430696e-007
199 1.231474e-007
200 1.335048e-007
201 9.700744e-008
202 1.159620e-006
203 3.736699e-006
204 1.399291e-006
205 6.293879e-007
206 1.289824e-006
207 1.872862e-006
208 1.038263e-006
209 1.399285e-007
210 3.727278e-007
211 6.112690e-007
212 8.373240e-007
213 9.354885e-008
214 1.665386e-006
215 1.230013e-006
216 1.867953e-007
217 1.289937e-007
218 8.984759e-007
219 3.543710e-006
220 3.514763e-006
221 1.651715e-006
222 4.960310e-007
223 3.192307e-007
224 6.307618e-007
225 3.540494e-007
226 7.896599e-008
227 2.126891e-007
228 1.410998e-007
229 6.684359e-007
230 4.055683e-007
231 1.599932e-007
232 9.382519e-007
233 1.840444e-006
234 2.033539e-006
235 2.033992e-006
236 1.074197e-006
237 9.281686e-007
238 1.992345e-007
239 4.418097e-007
240 7.732148e-007
241 4.940174e-007
242 6.752978e-008
243 5.371079e-007
244 4.555574e-007
245 1.568590e-007
246 3.583258e-007
247 2.546440e-006
248 5.215053e-006
249 1.718984e-006
250 1.398188e-007
251 7.358774e-007
252 2.193844e-006
253 7.608809e-007
254 2.456682e-007
255 7.147724e-007
256 2.521145e-006
257 2.160820e-006
258 4.289032e-007
259 2.476257e-007
260 3.747681e-007
261 8.412965e-008
262 4.560630e-007
263 4.661317e-007
264 3.048849e-007
265 7.214206e-007
266 2.071866e-006
267 9.801219e-007
268 2.534990e-007
269 1.805189e-007
270 1.832617e-007
271 6.991004e-008
272 1.686056e-007
273 3.080629e-008
274 3.410283e-008
275 1.235104e-007
276 2.287101e-007
277 2.903963e-007
278 4.132781e-008
279 1.449881e-007
280 7.994637e-007
281 8.628735e-007
282 5.606128e-007
283 8.012333e-007
284 7.342289e-007
285 9.559735e-008
286 3.461712e-007
287 3.812679e-007
288 3.317156e-007
289 4.741456e-007
290 2.205772e-007
291 7.011690e-008
292 1.914090e-007
293 1.241274e-007
294 2.836013e-008
295 1.935326e-007
296 6.425780e-007
297 6.503322e-007
298 2.685708e-007
299 1.407702e-007
300 1.599558e-007
301 5.120164e-007
302 2.377677e-006
303 2.370618e-006
304 6.905045e-007
305 3.922093e-007
306 9.674522e-007
307 1.163692e-006
308 6.464458e-007
309 5.836198e-008
310 3.581112e-007
311 4.196516e-007
312 3.471170e-007
313 3.062973e-007
314 1.553745e-006
315 5.995244e-007
316 1.222765e-007
317 1.002954e-007
318 5.004148e-007
319 1.305254e-006
320 1.296994e-006
321 7.141461e-007
322 8.870266e-008
323 1.220225e-007
324 4.187554e-008
325 3.365950e-007
326 6.252002e-007
327 4.371912e-007
328 1.309570e-007
329 9.797713e-007
330 1.097851e-006
331 2.493282e-007
332 6.268082e-007
333 2.098256e-006
334 3.848088e-006
335 3.415589e-006
336 8.109256e-007
337 3.503872e-007
338 2.665851e-008
339 4.627366e-007
340 3.533044e-007
341 2.012279e-007
342 1.166509e-007
343 4.137778e-007
344 2.378682e-007
345 9.563451e-008
346 4.462760e-007
347 4.044323e-006
348 1.233137e-005
349 7.812637e-006
350 1.750208e-006
351 3.082028e-007
352 2.370135e-007
353 2.785591e-007
354 3.314089e-007
355 8.797752e-007
356 1.449150e-006
357 6.032631e-007
358 6.731893e-008
359 3.510754e-007
360 2.683893e-007
361 2.133012e-007
362 5.165050e-007
363 4.605680e-007
364 3.399070e-007
365 8.949033e-007
366 2.167052e-006
367 1.030789e-006
368 2.095984e-007
369 8.953376e-008
370 1.295026e-007
371 1.139627e-007
372 1.237644e-007
373 1.322669e-007
374 5.803975e-008
375 2.442807e-007
376 4.049281e-007
377 3.653451e-007
378 6.445821e-008
379 1.390874e-007
380 1.923912e-007
381 1.967329e-007
382 4.495841e-007
383 8.901588e-007
384 1.245955e-006
385 1.216233e-007
386 1.222040e-006
387 1.250586e-006
388 4.797623e-007
389 3.833949e-007
390 6.363402e-008
391 7.241408e-008
392 1.272498e-007
393 4.114361e-008
394 8.459026e-008
395 3.335082e-007
396 7.658894e-007
397 5.245189e-007
398 3.766858e-008
399 1.322669e-007
400 1.651367e-008
401 5.065321e-007
402 1.679728e-006
403 1.111741e-006
404 3.096731e-007
405 2.482362e-007
406 4.867520e-007
407 4.459648e-007
408 4.408215e-007
409 1.485590e-007
410 1.592458e-007
411 4.015635e-007
412 4.165592e-007
413 2.108569e-007
414 8.566199e-008
415 1.202443e-007
416 1.892149e-007
417 8.858917e-008
418 3.643680e-007
419 3.703111e-007
420 2.139140e-007
421 2.113449e-007
422 2.535650e-008
423 1.257609e-007
424 3.330467e-007
425 1.381434e-006
426 2.271327e-006
427 5.179615e-007
428 9.156538e-008
429 5.790578e-007
430 1.176531e-006
431 7.087077e-007
432 2.726712e-007
433 1.365665e-006
434 2.569157e-006
435 1.572011e-006
436 3.709143e-007
437 1.637038e-007
438 7.155672e-008
439 1.414294e-007
440 2.512971e-008
441 1.126539e-007
442 1.985584e-007
443 5.448573e-007
444 4.817330e-007
445 2.139140e-007
446 4.835777e-007
447 2.985630e-006
448 8.276620e-006
449 9.881463e-006
450 3.279095e-006
451 6.489244e-007
452 5.593839e-008
453 3.957464e-008
454 1.029792e-007
455 3.611769e-007
456 2.908697e-007
457 1.307024e-007
458 1.760255e-007
459 1.955060e-007
460 7.073568e-008
461 4.769479e-007
462 6.413475e-007
463 3.954635e-007
464 1.770596e-007
465 4.384194e-007
466 9.216092e-007
467 8.760540e-007
468 5.387701e-008
469 6.661510e-007
470 5.235383e-007
471 3.246643e-008
472 2.699340e-007
473 4.658107e-007
474 8.976007e-008
475 2.838129e-007
476 7.277561e-007
477 4.221608e-007
478 2.407849e-007
479 4.888767e-007
480 2.241902e-007
481 1.131266e-007
482 2.566381e-007
483 5.465187e-007
484 1.345253e-006
485 5.725831e-007
486 4.629922e-007
487 8.990182e-007
488 4.926115e-007
489 4.159071e-007
490 9.955816e-008
491 3.403224e-007
492 2.368427e-007
493 2.289623e-007
494 6.289131e-008
495 4.318156e-007
496 9.770868e-007
497 6.117425e-007
498 6.089939e-008
499 1.556682e-007
500 1.698176e-007
501 4.674531e-008
502 2.713008e-007
503 1.864449e-007
504 1.041159e-007
505 8.786946e-008
506 2.006292e-007
507 8.680582e-008
508 2.636478e-007
509 2.182644e-007
510 1.470849e-007
511 5.294426e-007
512 5.629765e-007
513 5.162280e-007
514 9.663675e-008
515 1.470480e-007
516 2.938969e-008
517 2.304783e-007
518 4.065592e-007
519 1.988765e-007
520 2.512971e-008
521 1.828746e-007
522 3.174847e-007
523 7.479882e-008
524 5.295838e-007
525 1.688845e-006
526 2.412208e-006
527 4.500223e-007
528 6.406857e-008
529 3.696537e-007
530 1.252761e-006
531 1.262667e-006
532 2.610472e-007
533 1.969310e-007
534 3.036703e-007
535 1.778267e-007
536 1.037494e-007
537 2.263616e-007
538 1.988367e-007
539 1.568590e-007
540 2.095291e-008
541 5.827004e-008
542 8.095959e-008
543 1.193734e-007
544 2.124444e-007
545 9.009926e-008
546 4.111855e-007
547 1.668396e-006
548 4.350527e-006
549 6.732024e-006
550 2.136299e-006
551 3.182323e-007
552 5.282437e-007
553 4.808126e-007
554 1.189379e-007
555 6.501868e-008
556 1.165783e-007
557 2.302675e-007
558 7.994551e-008
559 6.519059e-008
560 7.591909e-008
561 3.458563e-007
562 3.622566e-007
563 1.920374e-007
564 1.123265e-007
565 4.296906e-007
566 7.544012e-007
567 8.354874e-007
568 6.596109e-008
569 6.907656e-007
570 3.052255e-007
571 4.482712e-007
572 1.712994e-006
573 1.607676e-006
574 2.066461e-007
575 5.222098e-007
576 1.468971e-006
577 9.780198e-007
578 1.162515e-007
579 1.988765e-007
580 4.951128e-008
581 1.713356e-007
582 2.787442e-007
583 5.087205e-007
584 1.180379e-006
585 1.328174e-006
586 1.568962e-007
587 2.168240e-007
588 4.230595e-007
589 3.203811e-007
590 1.186112e-007
591 4.981856e-007
592 4.632479e-007
593 2.931481e-007
594 4.685429e-008
595 2.502911e-007
596 3.197806e-007
597 2.026276e-007
598 3.136141e-007
599 3.581112e-007
600 5.085835e-007
601 4.053354e-007
602 8.676776e-008
603 1.294299e-007
604 1.148349e-007
605 1.329586e-007
606 1.071518e-007
607 3.035247e-007
608 8.638693e-008
609 1.848124e-007
610 1.215144e-007
611 4.534761e-007
612 2.337357e-007
613 4.491313e-008
614 3.359763e-007
615 3.674135e-007
616 2.044725e-007
617 6.027948e-007
618 3.521357e-007
619 2.095578e-007
620 2.226091e-007
621 4.870172e-007
622 8.773283e-007
623 2.082618e-007
624 5.607603e-007
625 9.781365e-007
626 7.565560e-007
627 2.394532e-007
628 1.548506e-007
629 6.428520e-008
630 3.946626e-007
631 4.167965e-007
632 4.479590e-007
633 1.832617e-007
634 1.505157e-007
635 2.328877e-007
636 5.341881e-007
637 6.257626e-007
638 3.509695e-007
639 2.147321e-007
640 1.979625e-007
641 1.910951e-007
642 1.807888e-007
643 2.948088e-008
644 1.839202e-007
645 1.860558e-007
646 8.048811e-007
647 2.456913e-006
648 5.621810e-006
649 7.355454e-006
650 1.682003e-006
651 1.439963e-007
652 7.776189e-007
653 8.362012e-007
654 2.341178e-007
655 7.139287e-008
656 2.962014e-007
657 2.036295e-007
658 2.614499e-007
659 2.958188e-007
660 1.352904e-007
661 8.783154e-008
662 7.081799e-008
663 3.860134e-008
664 1.047752e-007
665 3.338161e-007
666 6.691989e-007
667 9.858642e-007
668 3.604224e-007
669 1.896606e-008
670 1.195185e-007
671 7.198888e-007
672 1.336766e-006
673 5.553958e-007
674 7.155672e-008
675 6.146691e-007
676 1.330317e-006
677 1.246967e-006
678 4.887437e-007
679 1.794406e-007
680 2.970634e-007
681 8.828633e-008
682 2.411291e-007
683 5.637907e-007
684 9.595054e-007
685 9.515014e-007
686 3.831706e-007
687 2.699340e-007
688 1.871459e-007
689 3.404783e-007
690 1.396359e-007
691 3.347923e-007
692 3.028944e-007
693 1.445105e-007
694 5.220482e-008
695 1.666408e-007
696 1.097053e-007
697 1.079550e-007
698 4.513388e-007
699 1.161790e-006
700 7.363359e-007
701 2.502473e-007
702 4.756430e-007
703 7.293016e-007
704 1.190467e-007
705 3.553289e-007
706 6.180841e-007
707 9.917539e-007
708 3.449651e-007
709 2.401401e-007
710 4.711612e-007
711 2.859200e-007
712 3.249066e-007
713 4.796311e-007
714 4.529725e-007
715 1.457601e-007
716 4.839076e-007
717 9.989807e-007
718 3.954063e-007
719 9.347418e-008
720 1.561518e-007
721 2.945772e-007
722 5.266951e-007
723 1.232200e-007
724 3.646935e-007
725 2.877059e-007
726 1.352904e-007
727 9.582027e-008
728 1.596941e-007
729 2.853104e-007
730 2.291306e-007
731 4.132467e-007
732 9.708154e-008
733 1.972482e-007
734 3.439184e-007
735 5.287371e-007
736 1.243214e-006
737 1.614423e-006
738 7.714019e-007
739 2.470595e-007
740 5.469871e-008
741 6.076517e-008
742 2.155925e-007
743 9.833972e-008
744 2.591721e-007
745 7.784830e-007
746 1.919910e-006
747 3.037357e-006
748 3.445243e-006
749 2.836662e-006
750 8.600488e-007
751 5.411964e-008
752 4.515898e-007
753 4.436668e-007
754 1.808274e-007
755 1.112713e-007
756 2.550440e-007
757 1.413928e-007
758 3.458039e-007
759 7.957387e-007
760 4.394654e-007
761 7.455783e-008
762 2.634231e-007
763 3.481698e-007
764 3.181325e-007
765 1.417591e-007
766 4.357205e-007
767 9.502488e-007
768 9.079531e-007
769 4.170339e-007
770 2.228169e-007
771 5.302902e-007
772 7.375290e-007
773 2.786516e-007
774 6.957845e-008
775 2.688886e-007
776 3.271837e-007
777 3.180328e-007
778 4.272106e-007
779 2.720769e-007
780 5.736333e-007
781 7.112889e-007
782 4.279958e-007
783 8.029706e-008
784 1.687948e-007
785 2.179348e-007
786 3.061510e-007
787 5.516715e-007
788 2.938145e-007
789 1.405872e-007
790 5.469871e-008
791 2.200807e-007
792 4.663244e-007
793 7.138779e-007
794 1.122227e-006
795 1.452961e-006
796 3.752655e-007
797 1.169051e-007
798 1.720198e-007
799 5.578160e-007
800 5.927943e-007
801 1.573805e-007
802 2.008356e-006
803 3.115534e-006
804 3.912991e-007
805 5.366799e-007
806 1.621562e-006
807 1.621562e-006
808 6.861653e-007
809 1.329586e-007
810 1.163148e-006
811 1.604949e-006
812 1.091542e-006
813 4.949564e-007
814 9.981629e-008
815 2.796242e-007
816 4.275729e-007
817 3.743263e-007
818 2.259434e-007
819 3.477593e-008
820 2.236072e-007
821 1.608162e-007
822 1.508854e-007
823 6.986864e-008
824 2.561948e-007
825 3.256646e-007
826 5.067370e-007
827 1.213407e-006
828 9.143188e-007
829 3.901066e-007
830 3.802074e-007
831 1.062350e-006
832 3.359247e-007
833 3.484978e-008
834 4.087801e-007
835 5.770944e-007
836 5.879579e-007
837 5.836087e-007
838 2.443240e-007
839 9.477908e-008
840 2.067671e-007
841 8.684387e-008
842 4.128928e-007
843 4.842377e-007
844 1.408801e-007
845 1.134527e-006
846 1.412982e-006
847 1.199651e-006
848 5.390373e-007
849 3.276910e-007
850 2.824596e-007
851 3.951054e-008
852 3.296741e-007
853 4.671602e-007
854 1.803262e-007
855 1.146895e-007
856 1.741531e-007
857 2.283739e-007
858 7.016267e-007
859 1.975965e-006
860 2.423645e-006
861 8.997780e-007
862 1.121082e-007
863 2.484545e-007
864 6.553209e-007
865 7.378964e-007
866 1.146168e-007
867 2.862485e-007
868 3.565578e-007
869 2.030682e-007
870 4.580971e-008
871 3.808212e-007
872 6.450446e-007
873 3.632842e-007
874 8.790738e-008
875 1.218047e-007
876 2.177290e-007
877 3.875030e-007
878 9.500239e-008
879 7.527979e-008
880 1.972879e-007
881 6.996017e-007
882 8.825482e-007
883 2.325489e-007
884 1.177401e-007
885 2.484981e-007
886 4.797623e-007
887 7.232261e-007
888 5.031947e-007
889 7.036473e-008
890 2.601944e-008
891 4.434808e-007
892 1.438426e-006
893 1.962576e-006
894 2.797942e-006
895 4.696009e-006
896 1.849948e-006
897 5.430559e-007
898 3.090845e-007
899 1.466063e-007
900 1.020332e-006
901 4.746010e-007
902 1.012970e-006
903 1.964327e-006
904 2.995614e-007
905 3.691065e-007
906 6.754142e-007
907 3.607995e-007
908 1.491861e-007
909 4.798279e-007
910 2.607731e-006
911 3.135886e-006
912 1.242349e-006
913 1.893323e-007
914 3.980454e-007
915 7.904703e-007
916 4.549891e-007
917 1.483008e-007
918 2.864593e-008
919 2.855110e-008
920 1.785947e-007
921 1.135992e-007
922 2.744122e-007
923 4.087801e-007
924 7.982820e-008
925 2.556634e-007
926 5.605391e-007
927 1.885049e-006
928 2.033992e-006
929 4.453429e-007
930 1.682651e-007
931 3.230415e-007
932 2.221107e-007
933 8.355276e-008
934 1.782106e-007
935 1.240548e-007
936 2.155105e-007
937 1.652084e-007
938 9.047575e-008
939 1.297934e-007
940 9.915230e-008
941 5.445798e-008
942 2.982148e-007
943 3.428736e-007
944 1.336869e-007
945 5.519629e-007
946 1.953083e-007
947 8.790738e-008
948 1.841141e-007
949 1.812903e-007
950 1.823718e-007
951 4.858246e-007
952 1.222765e-007
953 2.454946e-007
954 1.126539e-007
955 2.183056e-007
956 6.608440e-007
957 7.038333e-007
958 9.842206e-007
959 1.886525e-006
960 4.769738e-006
961 4.485673e-006
962 1.711066e-006
963 3.527198e-007
964 2.406559e-007
965 6.478494e-007
966 4.643999e-007
967 1.604045e-007
968 3.643068e-008
969 5.513009e-008
970 7.151577e-008
971 4.235993e-007
972 5.697402e-007
973 2.829258e-007
974 9.369816e-008
975 3.546355e-007
976 6.276940e-007
977 6.447153e-007
978 3.254118e-007
979 2.616289e-007
980 8.146494e-008
981 2.498970e-007
982 3.253613e-007
983 7.135188e-008
984 3.857549e-007
985 4.245603e-007
986 4.040561e-007
987 5.312096e-007
988 2.701615e-007
989 2.002702e-007
990 1.613403e-007
991 2.021873e-007
992 9.182892e-007
993 1.707216e-006
994 2.296284e-006
995 4.215692e-006
996 1.954932e-006
997 3.151491e-007
998 7.876954e-008
999 5.189342e-007
1000 1.421906e-006
1001 1.037649e-006
1002 7.715148e-008
1003 2.166186e-007
1004 1.982405e-007
1005 7.472244e-007
1006 5.737084e-007
1007 1.637414e-007
1008 7.982820e-008
1009 3.304898e-007
1010 6.371779e-007
1011 6.080409e-007
1012 3.938627e-007
1013 1.298661e-007
1014 8.402900e-007
1015 9.976741e-007
1016 4.887437e-007
1017 2.447572e-007
1018 1.256157e-007
1019 1.988765e-007
1020 1.636662e-007
1021 2.812957e-007
1022 6.093778e-007
1023 7.716879e-007
1024 3.942625e-007
1025 1.144352e-007
1026 1.049582e-007
1027 3.134163e-007
1028 1.141055e-006
1029 4.414390e-007
1030 1.088304e-007
1031 1.795176e-007
1032 1.391605e-007
1033 2.512971e-008
1034 1.689841e-007
1035 4.237194e-007
1036 8.901588e-007
1037 4.164999e-007
1038 9.463014e-008
1039 2.339904e-007
1040 1.448043e-007
1041 3.015393e-007
1042 5.721335e-007
1043 4.830501e-007
1044 1.354728e-007
1045 4.504608e-007
1046 2.812027e-007
1047 1.421989e-007
1048 1.932963e-007
1049 2.938621e-007
1050 2.185530e-007
1051 8.927440e-007
1052 3.991390e-007
1053 2.486728e-007
1054 3.402185e-007
1055 5.346146e-007
1056 1.017913e-006
1057 6.872047e-007
1058 8.950114e-007
1059 1.760468e-006
1060 4.682495e-006
1061 7.547649e-006
1062 4.713080e-006
1063 1.169822e-006
1064 1.805960e-007
1065 8.531796e-008
1066 1.411730e-007
1067 6.380805e-008
1068 1.268139e-007
1069 1.890976e-007
1070 2.157565e-007
1071 3.247047e-007
1072 1.161788e-007
1073 1.349259e-007
1074 1.382833e-007
1075 5.519629e-007
1076 6.786679e-007
1077 4.827206e-007
1078 2.808773e-007
1079 1.988765e-007
1080 9.373547e-008
1081 6.332882e-008
1082 4.365260e-008
1083 2.742287e-007
1084 4.846341e-007
1085 3.308981e-007
1086 2.550440e-007
1087 2.226091e-007
1088 5.503444e-008
1089 3.803189e-007
1090 7.006576e-007
1091 5.166436e-007
1092 6.681147e-008
1093 5.615721e-007
1094 1.356282e-006
1095 1.566315e-006
1096 4.643999e-007
1097 2.911066e-007
1098 1.300742e-006
1099 3.329163e-006
1100 9.896301e-007
1101 9.945918e-007
1102 6.280970e-007
1103 3.527198e-007
1104 3.938056e-007
1105 5.970420e-007
1106 3.204312e-007
1107 2.945772e-007
1108 3.164399e-007
1109 1.566356e-007
1110 2.491971e-007
1111 3.913560e-007
1112 2.715746e-007
1113 3.650735e-007
1114 6.310045e-007
1115 4.227598e-007
1116 2.068075e-007
1117 1.551850e-007
1118 1.904285e-007
1119 2.287101e-007
1120 1.464590e-007
1121 1.138173e-007
1122 3.216846e-007
1123 4.556206e-007
1124 5.961906e-007
1125 4.529725e-007
1126 4.020264e-007
1127 1.007373e-007
1128 8.308094e-007
1129 3.954063e-007
1130 1.172681e-007
1131 4.051608e-007
1132 3.170864e-007
1133 1.678492e-007
1134 3.794829e-007
1135 6.429886e-007
1136 9.871573e-007
1137 5.996798e-007
1138 1.821786e-007
1139 9.152786e-008
1140 1.940845e-007
1141 3.272344e-007
1142 5.154666e-007
1143 3.189809e-007
1144 8.874049e-008
1145 3.974707e-007
1146 1.033479e-006
1147 7.654157e-007
1148 8.095959e-008
1149 4.203078e-007
1150 1.437761e-007
1151 4.236594e-007
1152 4.655539e-007
1153 2.957170e-008
1154 1.860169e-007
1155 6.168116e-007
1156 1.109654e-006
1157 5.978944e-007
1158 6.103228e-007
1159 1.506437e-006
1160 3.956280e-006
1161 4.877231e-006
1162 3.244476e-006
1163 1.340464e-006
1164 8.487251e-007
1165 5.678758e-007
1166 1.146168e-007
1167 2.479309e-007
1168 1.211878e-007
1169 2.929811e-008
1170 6.187808e-008
1171 1.764849e-007
1172 4.067926e-007
1173 2.483672e-007
1174 8.821058e-008
1175 1.695523e-007
1176 3.856423e-007
1177 6.939919e-007
1178 4.850968e-007
1179 1.246718e-007
1180 6.672670e-008
1181 2.495907e-007
1182 2.453644e-007
1183 4.354757e-007
1184 3.899932e-007
1185 2.160437e-007
1186 1.460911e-007
1187 1.272861e-007
1188 7.904452e-008
1189 2.601981e-007
1190 1.011287e-006
1191 1.547582e-006
1192 6.398734e-007
1193 1.774047e-007
1194 9.537433e-008
1195 1.516992e-007
1196 4.582798e-007
1197 9.045664e-007
1198 1.507638e-006
1199 2.860575e-006
1200 1.058219e-006
1201 8.871508e-007
1202 6.576595e-007
1203 3.575215e-007
1204 3.226894e-007
1205 3.124287e-007
1206 2.175232e-007
1207 3.837314e-007
1208 6.005351e-007
1209 3.424041e-007
1210 5.346146e-007
1211 7.585279e-007
1212 2.543813e-007
1213 7.363093e-008
1214 1.061288e-007
1215 1.634408e-007
1216 9.354885e-008
1217 1.301933e-007
1218 2.047537e-007
1219 1.610782e-007
1220 2.098823e-007
1221 3.037188e-007
1222 2.498532e-007
1223 2.665851e-008
1224 2.535871e-007
1225 5.145679e-007
1226 6.056092e-007
1227 2.413013e-007
1228 1.033827e-007
1229 9.915230e-008
1230 1.015835e-007
1231 2.476693e-007
1232 4.388431e-008
1233 7.492691e-007
1234 1.592817e-006
1235 1.628546e-006
1236 1.970906e-006
1237 1.826681e-006
1238 1.405397e-006
1239 4.972421e-007
1240 1.795561e-007
1241 2.515192e-007
1242 1.452821e-007
1243 1.241999e-007
1244 1.473795e-007
1245 3.032822e-007
1246 1.525929e-006
1247 1.493796e-006
1248 4.404514e-007
1249 1.446941e-007
1250 1.759107e-007
1251 1.084657e-007
1252 2.173997e-007
1253 5.536870e-008
1254 3.879807e-008
1255 2.835794e-007
1256 4.863544e-007
1257 2.953887e-007
1258 1.210064e-007
1259 1.829520e-007
1260 5.922554e-007
1261 7.739792e-007
1262 3.609073e-007
1263 3.239985e-007
1264 6.188007e-007
1265 4.269692e-007
1266 2.394103e-007
1267 1.086799e-006
1268 1.063479e-006
1269 6.384836e-007
1270 6.143521e-007
1271 7.389077e-007
1272 3.967817e-007
1273 2.326759e-007
1274 2.354785e-007
1275 2.706169e-007
1276 1.667540e-007
1277 3.838437e-007
1278 4.316940e-007
1279 8.142611e-008
1280 8.558558e-008
1281 2.132603e-007
1282 2.423788e-007
1283 3.439706e-007
1284 2.526621e-007
1285 1.085752e-007
1286 1.283759e-007
1287 1.769830e-007
1288 3.184817e-007
1289 2.180584e-007
1290 1.883943e-007
1291 5.563483e-007
1292 6.814178e-007
1293 5.048954e-007
1294 4.243199e-007
1295 5.360383e-007
1296 4.811412e-007
1297 5.616460e-007
1298 5.782265e-007
1299 6.740479e-007
1300 9.877456e-007
1301 6.992500e-007
1302 1.797485e-007
1303 5.565407e-008
1304 1.046287e-007
1305 2.728542e-007
1306 2.379966e-007
1307 2.310691e-007
1308 1.960202e-007
1309 1.004427e-007
1310 2.718028e-007
1311 2.849357e-007
1312 2.069285e-007
1313 7.802136e-007
1314 4.977137e-007
1315 1.344156e-007
1316 1.180668e-007
1317 2.930530e-007
1318 4.189961e-007
1319 2.549114e-007
1320 4.003500e-007
1321 8.881167e-007
1322 4.304790e-007
1323 1.413561e-007
1324 1.117444e-007
1325 3.811562e-007
1326 5.514531e-007
1327 5.153283e-007
1328 3.727278e-007
1329 4.235393e-007
1330 2.939574e-007
1331 8.029706e-008
1332 4.553679e-007
1333 1.704525e-006
1334 3.206728e-006
1335 2.530846e-006
1336 2.646850e-006
1337 4.564498e-006
1338 7.438015e-006
1339 3.147475e-006
1340 7.072868e-007
1341 3.972409e-007
1342 2.977348e-007
1343 1.163241e-007
1344 3.055176e-007
1345 9.541151e-008
1346 3.522949e-007
1347 7.769473e-007
1348 7.637125e-007
1349 4.332161e-007
1350 1.326673e-007
1351 4.793217e-008
1352 3.521628e-008
1353 9.915230e-008
1354 6.570481e-008
1355 9.171543e-008
1356 1.013996e-007
1357 9.959504e-008
1358 4.308433e-007
1359 8.780724e-007
1360 3.656712e-007
1361 1.409533e-007
1362 1.671314e-007
1363 6.107805e-008
1364 1.105795e-007
1365 2.159206e-007
1366 9.967248e-007
1367 1.142926e-006
1368 6.898087e-007
1369 2.745499e-007
1370 2.373125e-007
1371 2.999467e-007
1372 1.044822e-007
1373 9.580146e-007
1374 3.871078e-007
1375 8.503793e-007
1376 1.056845e-006
1377 6.608902e-008
1378 1.929420e-007
1379 2.645026e-007
1380 3.544756e-007
1381 1.590590e-007
1382 2.832992e-007
1383 4.825888e-007
1384 2.331419e-007
1385 1.159246e-007
1386 1.623148e-007
1387 6.130092e-008
1388 2.682986e-007
1389 7.108433e-007
1390 9.967248e-007
1391 5.102978e-007
1392 1.587230e-007
1393 1.084293e-007
1394 4.525124e-008
1395 9.062624e-008
1396 1.759107e-007
1397 5.023120e-007
1398 6.260038e-007
1399 3.578967e-007
1400 7.402884e-007
1401 9.781365e-007
1402 2.053972e-007
1403 2.370135e-007
1404 1.853949e-007
1405 2.310269e-007
1406 2.498970e-007
1407 7.971083e-008
1408 1.814833e-007
1409 1.497768e-007
1410 2.331914e-008
1411 8.293598e-008
1412 3.732234e-007
1413 5.234683e-007
1414 1.232926e-007
1415 4.231195e-007
1416 5.664620e-007
1417 3.734990e-007
1418 3.631760e-007
1419 3.705852e-007
1420 4.790412e-007
1421 5.401115e-007
1422 3.197305e-007
1423 1.452086e-007
1424 3.569324e-007
1425 3.551155e-007
1426 2.408279e-007
1427 2.379966e-007
1428 3.066876e-007
1429 3.016844e-007
1430 3.575215e-007
1431 1.125447e-007
1432 5.088575e-007
1433 1.232300e-006
1434 1.675943e-006
1435 8.148100e-007
1436 6.104016e-007
1437 1.203847e-006
1438 2.391591e-006
1439 1.252906e-006
1440 1.894887e-007
1441 1.394530e-007
1442 9.637711e-008
1443 1.646814e-007
1444 1.183571e-007
1445 1.255794e-007
1446 1.237644e-007
1447 3.448079e-007
1448 1.061598e-006
1449 1.213266e-006
1450 4.490211e-007
1451 2.957232e-007
1452 1.394164e-007
1453 5.125219e-008
1454 1.562634e-007
1455 6.332882e-008
1456 6.782438e-008
1457 7.081799e-008
1458 5.722084e-007
1459 2.115085e-006
1460 6.853001e-007
1461 2.115076e-007
1462 9.748892e-008
1463 7.591909e-008
1464 2.187592e-007
1465 8.521400e-007
1466 1.138520e-006
1467 2.240236e-007
1468 3.829465e-007
1469 9.351048e-007
1470 4.656823e-007
1471 1.087940e-007
1472 3.279448e-007
1473 6.976692e-007
1474 5.373105e-008
1475 2.331501e-006
1476 2.593202e-006
1477 4.122446e-007
1478 1.735429e-007
1479 8.035979e-007
1480 9.452530e-007
1481 2.615842e-007
1482 3.475906e-007
1483 5.962679e-007
1484 2.355210e-007
1485 2.889786e-007
1486 4.808126e-007
1487 2.672112e-007
1488 1.120355e-007
1489 9.977928e-007
1490 3.621371e-006
1491 2.428715e-006
1492 7.977955e-007
1493 4.958294e-007
1494 3.287579e-007
1495 7.982820e-008
1496 8.165082e-007
1497 1.833858e-006
1498 9.035852e-007
1499 2.116297e-007
